Map from character to field name
A:	AR
B:	FL
C:	NY
D:	OH
E:	PA
F:	TN
G:	WY
H:	XX
I:	?


Substitution rate (mu): 3.424196

Equilibrium frequencies (pi_i):
  A: 0.1179
  B: 0.1154
  C: 0.1151
  D: 0.1145
  E: 0.1202
  F: 0.1142
  G: 0.1147
  H: 0.188

Symmetrized rates from j->i (W_ij):
	A	B	C	D	E	F	G	H
  A	0	0.9927	0.9979	0.9993	1.2053	0.9997	0.9989	1.3504
  B	0.9927	0	0.9956	0.997	0.9971	0.9974	0.9989	1.814
  C	0.9979	0.9956	0	1.0023	1.0026	1.0027	1.0019	1.3641
  D	0.9993	0.997	1.0023	0	1.0039	1.004	1.0032	1.3696
  E	1.2053	0.9971	1.0026	1.0039	0	1.0044	1.0036	1.2063
  F	0.9997	0.9974	1.0027	1.004	1.0044	0	1.0036	1.3719
  G	0.9989	0.9989	1.0019	1.0032	1.0036	1.0036	0	1.3654
  H	1.3504	1.814	1.3641	1.3696	1.2063	1.3719	1.3654	0

Actual rates from j->i (Q_ij):
	A	B	C	D	E	F	G	H
  A	0	0.117	0.1177	0.1178	0.1421	0.1179	0.1178	0.1592
  B	0.1145	0	0.1148	0.115	0.115	0.1151	0.1152	0.2093
  C	0.1148	0.1146	0	0.1153	0.1154	0.1154	0.1153	0.157
  D	0.1144	0.1141	0.1147	0	0.1149	0.1149	0.1148	0.1568
  E	0.1449	0.1199	0.1205	0.1207	0	0.1208	0.1207	0.145
  F	0.1142	0.1139	0.1146	0.1147	0.1147	0	0.1147	0.1567
  G	0.1146	0.1146	0.1149	0.1151	0.1151	0.1151	0	0.1566
  H	0.2539	0.3411	0.2565	0.2575	0.2268	0.258	0.2567	0
